1	1	-8	-7	12
1	2	-8	-7	20
1	3	-8	-7    28
1	4	-8	-7	36
1	5	-6.375	-4.9	  44
1	6	-4.75	-2.8   52
1	7	-3	 0	64


				
2	1	8	-7	12
2	2	8	-7	20
2	3	8	-7	28
2	4	8	-7	36
2	5	6.375  -4.9	44
2	6	4.75     -2.8	52
2	7	3    0	   64

				
				
3	1	8	7	12
3	2	8	7	20
3	3	8	7	28
3	4	8	7	36
3	5	6.375  4.9	44
3	6	4.75     2.8	52
3	7	3    0	   64

				
				
4	1	-8	7	12
4	2	-8	7	20
4	3	-8	7	28
4	4	-8	7	36
4	5	-6.375  4.9	44
4	6	-4.75     2.8	52
4	7	-3    0	   64


5	2	0	-7	20
5	3	0	-7	28
5	4	0	-7	36
5	5	0    -4.9	44
5	6	0     -2.8	52
5	7	0     0	   64


6	2	8	0	20
6	3	8	0	28
6	4	8	0	36
6	5	6.375  0	44
6	6	4.75    0	52
6	7	3    0        64



7	2	0	7	20
7	3	0	7	28
7	4	0	7	36
7	5	0    4.9	44
7	6	0     2.8	52
7	7	0     0	   64


8	2	-8	0	20
8	3	-8	0	28
8	4	-8	0	36
8	5	-6.375  0	 44
8	6	-4.75    0	 52
8	7	-3    0        64


