9  1  -4	-7	16
9  2  -4	-7	24
9  3  -4	-7	32
9  4  -4	-5.95000000000000	40
9  5  -3.18750000000000	-3.85000000000000	48
9  6  -2.37500000000000	-1.40000000000000	58

10  1  4	-7	16
10  2  4	-7	24
10   3 4	-7	32
10  4  4	-5.95000000000000	40
10   5 3.18750000000000	-3.85000000000000	48
10   6 2.37500000000000	-1.40000000000000	58

11   1 8	-3.50000000000000	16
11   2 8	-3.50000000000000	24
11   3 8	-3.50000000000000	32
11   4 7.18750000000000	-3.50000000000000	40
11   5 5.56250000000000	-2.45000000000000	48
11   6 3.87500000000000	-1.40000000000000	58

12   1 8	3.50000000000000	16
12  2  8	3.50000000000000	24
12   3 8	3.50000000000000	32
12   4  7.18750000000000	3.50000000000000	40
12   5 5.56250000000000	2.45000000000000	48
12   6 3.87500000000000	1.40000000000000	58

13	1	4	7	16
13	2	4	7	24
13	3	4	7	32
13	4	4	5.95000000000000	40
13	5	3.18750000000000	3.85000000000000	48
13	6	2.37500000000000	1.40000000000000	58

14	1	-4	7	16
14	2	-4	7	24
14	3	-4	7	32
14	4	-4	5.95000000000000	40
14	5	-3.18750000000000	3.85000000000000	48
14	6	-2.37500000000000	1.40000000000000	58

15	1	-8	3.5	16
15	2	-8	3.5	24
15	3	-8	3.5	32
15	4	-7.18750000000000	3.50000000000000	40
15	5	-5.56250000000000	2.45000000000000	48
15	6	-3.87500000000000	1.40000000000000	58

16	1	-8	-3.5	16
16	2	-8	-3.5	24
16	3	-8	-3.5	32
16	4	-7.18750000000000	-3.50000000000000	40
16	5	-5.56250000000000	-2.45000000000000	48
16	6	-3.87500000000000	-1.40000000000000	58
